#AlienServer - Properties
#Tue Dec 20 10:52:05 CET 2016
Quadrant2Limit=1.4000000000000006|-0.9000000000000002
MHOffsetTilt=43.0
MHHeight=-2.557483523160226
MHOffsetY=0.0
MHOffsetX=0.0
Quadrant3Limit=-1.3000000000000007|-0.9000000000000002
ComPort=ttyWhateverest
CalculatorD=0
CalculatorC=1
Quadrant4Limit=-1.3000000000000007|0.8000000000000002
CalculatorB=1.5
Quadrant1Limit=1.4000000000000006|0.8000000000000002
MHOffsetPan=95.0
CalculatorA=-1.7
